Case #1:
89.8449083333333 -36.466746000000036
353.4347674713959 23.311959714429097
-41.9500212356979 -66.35609885721455
Case #2:
-23.52857266666667 -25.839962
-78.4333391662827 -31.96024715884536
3.9238105831413415 -22.77981942057733
Case #3:
0.5791609999999942 -68.95231366666665
70.01667024246443 -157.4476219988495
-34.13959362123222 -24.704659500575225
Case #4:
3.4389899999999995 -11.404544666666663
-30.816231489606167 136.08895434024086
20.566600744803086 -85.15129417012045
Case #5:
-16.32949633333335 -44.131442333333325
-27.423852930701237 209.0266633104088
-10.78231803464937 -170.7104951552044
Case #6:
-12.977140999999964 -25.535269333333275
-766.5004672455115 478.8011465743702
363.7845221227557 -277.7034772871851
Case #7:
-22.85662433333333 30.77682099999999
8.407585224917984 102.83064807461625
-38.48872911245898 -5.250092537308133
Case #8:
24.741086999999997 59.483686666666664
2.9952682334270673 69.51618564861288
35.61399638328648 54.46743717569357
Case #9:
-3.580071333333327 -62.262164333333324
-24.561625646796877 -41.222748969507535
6.910705823398435 -72.78187201524624
Case #10:
45.192405333333326 -53.96022633333334
-17.57611725297092 -108.25511995444622
76.57666662648545 -26.812779522776914
Case #11:
10.984356666666663 15.818035666666663
50.312332131187105 -12.237409747748446
-8.679631065593552 29.84575837387423
