11
88.522485 -13.515400
96.557602 -91.472879
84.454638 -4.411959

-3.279037 -78.645062
-52.052942 -29.057519
-15.253739 30.182695

36.046769 -47.450735
26.944309 -66.084199
-61.253595 -93.322007

42.578721 -4.376319
-40.074226 -27.429373
7.812475 -2.407942

-30.804920 -37.877214
43.840443 -47.983403
-62.024012 -46.533710

-48.139515 -63.515330
-64.147930 -97.615190
73.356022 84.524712

-17.834603 84.752420
26.233284 -71.114394
-76.968554 78.692437

-4.323212 68.841193
35.389655 96.911932
43.156818 12.697935

-19.194674 -15.108690
64.847219 -98.297499
-56.392759 -73.380304

93.866003 -83.332342
24.188865 -54.178823
17.522348 -24.369514

-78.935011 31.004570
50.508662 -8.021209
61.379419 24.470746
