Case #1: 
0.0 0.0
1.0 0.0
2.0 0.0
2.8660254037844393 0.5
3.7320508075688776 1.0
3.732050807568879 2.0
3.7320508075688785 3.0
3.2320508075688785 3.8660254037844384
2.7320508075688785 4.732050807568877
Case #2: 
0.0 0.0
0.7071067811865476 0.7071067811865475
1.4142135623730951 0.0
0.7071067811865479 -0.7071067811865478
1.4142135623730954 -1.4142135623730951
2.121320343559643 -0.7071067811865474
2.8284271247461903 -1.414213562373095
3.535533905932738 -0.7071067811865472
2.8284271247461916 8.881784197001252E-16
Case #3: 
0.0 0.0
0.5000000000000001 -0.8660254037844386
1.5 -0.8660254037844386
2.5 -0.8660254037844386
2.0000000000000004 -1.1102230246251565E-16
1.0000000000000004 3.3306690738754696E-16
1.5000000000000007 0.8660254037844389
2.500000000000001 0.8660254037844389
