10
3.77 8.02 1.35 5.02 6.37 4.14 5.70 6.38 4.55 6.23 3.75 6.83
7.70 6.97 3.23 6.52 2.31 2.51 7.63 2.10 5.34 5.34 3.48 3.52
2.65 8.48 3.46 4.91 9.28 7.79 9.17 9.95 5.67 7.28 9.18 7.96
1.52 4.46 2.54 1.77 8.22 6.64 0.62 9.15 2.02 7.90 4.51 4.03
5.48 4.46 7.32 7.53 1.77 7.58 1.85 0.49 6.16 5.71 5.27 5.92
8.41 3.86 8.23 6.78 0.35 2.06 6.34 2.69 5.51 5.15 5.26 4.36
8.50 6.35 2.48 8.13 1.16 3.98 2.24 0.91 5.78 5.53 4.04 5.67
0.34 6.15 9.26 7.22 9.21 9.76 3.78 8.18 9.06 7.81 1.06 6.45
4.73 9.87 5.02 2.72 9.61 3.74 9.34 9.60 6.46 7.08 7.82 7.59
7.70 1.01 7.64 5.59 2.28 5.72 5.66 1.88 6.45 3.38 6.94 4.20
