3
8 10
8 2 2.253667193183237
7 3 21.06270642254913
4 1 16.54304400691424
6 2 11.417274520023643
3 8 0.4842040541716247
3 5 24.89220955129525
6 5 3.9879932153224855
1 3 3.3862989246293607
4 3 18.6557548269335
5 2 4.044574982952042

6 4
4 1 5.49865346857874
2 3 1.041528946247336
4 6 15.198096869720814
2 6 20.72926928096376

5 8
4 2 15.234936910338007
3 2 2.783840758662068
2 3 4.34452037823547
1 5 5.149609531472857
5 1 21.634342229523323
5 3 21.628749390916028
5 2 22.244249973539482
5 4 17.64965379097069
