3
7 9
4 1 3 7.1373647190400025
1 2 4 3.619952082374767
7 4 4 3.9229060952100747
1 5 5 5.149342554193151
6 7 0 5.9289433379154115
7 3 3 4.480317767968532
5 7 4 9.175216600972856
3 5 3 5.809582781390198
3 5 6 1.5833251223822389

10 10
9 1 0 6.103567585805486
2 9 4 1.2239623087641212
3 3 3 5.74365487996366
4 3 5 5.509203206150823
5 1 5 4.490092275486687
1 5 3 3.8459000369208165
5 6 0 3.254413686940226
2 1 4 5.257332360634563
1 1 3 3.274553532434247
6 7 4 3.260082839139213

10 5
4 8 5 7.461085908138405
8 10 0 8.000823060758666
8 1 6 4.696393660473783
1 9 6 6.339265904299603
8 3 4 8.535902037766256
