20
20
-83163 -724281 99
242243 205800 85
236650 205589 44
285145 -751174 98
-352255 -332366 39
419434 -687586 76
-50080 178700 52
225036 212459 64
-220084 58256 8
-352513 -232543 58
-82770 162919 40
440608 -670986 50
576329 -42068 78
65076 213872 41
202735 -769422 60
411074 139762 64
637125 -244249 17
17141 -763403 34
259156 204943 3
-22191 187494 16

20
363915 45955 22
163300 426783 100
-606830 -76602 32
-97077 526966 59
-606657 164157 80
-162531 -452467 68
145503 437016 25
-302113 491003 63
-19275 513190 7
-297037 503137 86
-563370 -185081 99
-190627 526423 59
91675 -404662 42
-486301 -316477 53
363221 69990 87
99067 -397362 59
191605 -333505 97
-159084 -459860 89
139104 446792 67
-115470 522134 7

20
496671 -172221 48
-427161 -418042 12
-401395 -559797 66
-322794 -117611 20
-84627 -888301 20
126608 -908407 7
-211480 -5009 93
124847 -898689 88
547678 -533888 47
141933 82089 35
-284993 -78378 66
228780 -873156 37
-412902 -531285 7
115438 -907359 62
-187099 -838839 97
455131 -103728 29
273257 -861487 6
-237190 -795030 39
-277447 -770982 67
-20208 -894762 21

20
447485 836743 76
497127 812003 87
685969 499616 52
518394 795743 5
513316 48642 96
-276714 479006 21
642326 244423 37
-64891 826910 10
-260018 535411 16
-279057 497820 49
642824 588696 61
424616 -31362 33
654268 221840 72
-266189 372972 93
480767 3432 83
-150072 740251 36
121411 -73851 4
-261456 276917 94
-247189 573771 53
469105 816721 27

20
494506 -737939 32
386669 250651 73
355957 -740518 43
5802 11458 19
686470 178287 1
-67650 -251852 44
744834 134223 40
278068 228299 28
607506 216413 35
149788 165451 27
-42715 -402885 48
691420 177990 10
608387 -709080 41
-66426 -198036 65
401324 -742741 52
922289 -199588 12
195240 194353 4
687374 -671860 42
624821 -707101 32
185190 -678297 20

20
-36071 201728 40
853938 -182156 42
796211 224231 66
81384 330747 28
33369 -386923 100
282888 -505432 38
870444 20671 73
781030 222724 14
844248 -207231 21
-66404 160691 57
-16019 248708 56
778645 231213 29
881265 -32709 87
520135 -509844 12
51513 -369808 54
660192 -439630 88
32734 286517 44
685834 348706 39
724031 302833 18
-68930 -235464 95

20
910323 472238 39
458454 688208 89
991176 234366 55
36138 382254 50
979856 100109 15
416215 686300 54
132417 -139136 73
38270 1249 6
6884 163493 82
624831 -278636 86
133451 -134749 83
1940 261862 38
947977 -7612 68
152681 -163422 6
971140 44845 8
12013 309147 75
579100 -293329 76
963758 374341 5
3112 206612 79
968134 365218 15

20
-499973 745004 46
-732382 520444 46
-460692 -128201 79
-243541 793141 80
-659780 27630 54
168403 451505 94
206390 230447 91
-60727 747896 95
-536672 752764 12
-495156 -119599 58
-726406 481895 10
-739602 421100 46
-762592 221648 22
165793 145826 11
203652 261500 23
-18042 729067 20
178335 211633 40
-339603 791185 98
151682 569683 37
10847 -36727 6

20
-452214 515604 46
-470714 -43846 33
-568463 181622 52
72798 -42682 67
170840 -61954 79
-327378 490105 70
43071 -76011 6
-471873 -88706 81
33889 599351 39
-365152 417748 4
118780 394224 90
-160338 508352 94
-380481 -14120 3
104427 456480 65
197890 210382 11
-435553 -143095 46
183184 138558 78
-335197 475313 71
137333 86380 42
-580262 324768 45

20
-54165 143868 72
387069 806177 20
590171 -152889 51
906348 323302 97
865229 503295 74
897391 192201 100
739759 -64009 10
529757 -170914 30
180976 740102 48
-9193 572046 57
20989 601025 42
-69369 398045 18
603376 761971 12
140229 -103773 12
350903 -178471 56
343460 -175980 8
-62087 419521 94
814263 14295 83
145130 724486 29
289174 -166571 15

20
294920 277262 96
697669 -297236 80
278302 -681132 61
436797 213373 5
-92407 140438 47
-198392 -41847 97
-114232 95778 20
190818 287378 34
703520 -95389 20
409641 252080 2
18809 -626087 49
722044 -245965 31
-190371 -37765 75
689382 -433982 39
-152433 -395413 15
317960 -671086 30
-144095 21712 53
508930 211805 90
524401 -572603 50
247312 -662846 53

20
145700 -805876 19
-206949 -811327 95
329786 -4776 95
116623 133821 85
176608 -792369 86
-346806 -729237 6
378474 -619728 61
-461982 -89790 7
-468174 -574904 23
454443 -426937 29
319699 -690262 97
-24067 -837588 94
20612 -840487 91
-355895 -715879 93
-432257 -642836 75
342348 -670496 77
377580 -63057 25
-428818 -645554 50
374674 -628874 44
-455418 -609110 22

20
-185021 103767 91
332336 98905 11
-424762 -342579 72
-151005 -763434 11
-144541 124819 90
-168769 113493 87
511239 -93731 32
-175984 -749446 81
-288474 20495 39
309000 112806 81
110180 -813730 12
-403257 -181915 40
168128 167724 20
269926 134452 53
-4966 -810818 70
546770 -185764 70
-129197 132569 88
549420 -179451 81
488086 -582731 67
182826 167811 92

20
-749923 134344 72
-355172 558322 97
236580 26967 95
-170273 567456 8
-368718 558393 40
-748048 112010 77
-672438 -183109 98
197300 -131345 63
-572666 456945 76
237685 167771 37
131127 388180 3
8381 -346511 40
-12872 -352785 9
175142 331673 57
-104150 546033 8
-410125 -392056 14
-67058 534115 14
108943 415197 96
-140541 -406779 89
-205455 -417044 65

20
608997 115112 22
255590 194786 46
644124 669629 35
861527 478031 11
55215 261912 51
122290 365502 45
255903 -46997 42
389408 113749 68
718408 372569 44
77911 110786 40
159210 272449 27
227688 359431 90
590832 439086 4
503732 78288 87
761604 222994 77
638044 -97454 39
278788 -87577 58
692256 20827 5
93141 365836 43
531331 603865 19

20
83160 -911921 20
432067 -314271 62
166618 -868362 64
324414 -743968 66
441491 -366761 99
265665 -806763 83
230816 -832471 62
312207 -92660 87
-519109 -293892 50
-300699 -5947 39
431580 -498698 2
-334715 -828235 47
262241 -60888 50
-541752 -356975 14
-253933 9522 48
104067 29430 50
196811 -857370 42
263564 -59824 50
-71775 -928593 19
325551 -758196 40

20
782533 585738 8
93915 623995 63
405808 -221537 53
432024 748455 70
484257 748264 84
57387 598836 72
761633 -91039 94
25616 556862 58
-78090 241295 24
134520 656692 57
-53444 441544 13
368561 -216010 30
5912 4768 97
-73664 321887 2
40985 -39275 12
-63452 418150 14
-34264 85923 21
-61707 376991 95
102262 -102222 4
-70562 204751 45

20
-93392 -394905 97
737408 105279 18
212694 251690 90
695256 146866 79
126311 -646436 90
-20371 72891 43
700419 -582537 26
337471 -712437 90
816182 -433587 83
605889 212584 30
833660 -387031 97
849169 -99658 76
-116412 -177898 15
704539 143950 51
774531 -505279 67
92967 187793 19
-65919 -440375 22
-122241 -249603 67
502411 261791 39
-113168 -290845 14

20
82583 -160937 95
-798983 57380 6
-123980 166376 97
-498912 245352 50
-669654 179703 51
-140605 177767 71
-490894 -733957 62
-893901 -334656 97
-760117 -588815 7
-894403 -140921 36
-815235 38926 99
-671889 -665100 37
46781 -40357 2
-763803 -586100 21
-902090 -292788 66
81624 -139171 32
-28790 79290 75
-443117 251234 55
-132660 -660479 65
86651 -290690 76

20
308251 -540840 74
69443 175566 94
319424 -521232 74
115610 162256 33
-586046 -278321 2
-99444 -749443 95
-596942 -258676 59
-542013 -471331 50
203081 -660702 65
12369 -750185 40
312897 -31102 61
60549 -722743 52
-179065 -750351 67
-552850 -466787 19
-46316 206336 70
-111364 225692 11
-113859 -756591 24
-285013 196181 77
-499518 6425 68
-189914 217572 86
